 0.00000000e+00 -4.08831665e-24  0.00000000e+00  1.54610869e-21  0.00000000e+00 -5.69840329e-21  0.00000000e+00 -2.84673858e-21 
 2.00000000e-02  1.92207947e-08  2.00000000e-02  2.67702173e-06  2.00000000e-02  5.61379480e-06  2.00000000e-02  7.12832487e-06 
 4.00000000e-02  2.98325455e-08  4.00000000e-02  5.10564985e-06  4.00000000e-02  1.10286562e-05  4.00000000e-02  1.41101887e-05 
 6.00000000e-02  3.54917911e-08  6.00000000e-02  7.28949093e-06  6.00000000e-02  1.62438532e-05  6.00000000e-02  2.09444888e-05 
 8.00000000e-02  3.91301035e-08  8.00000000e-02  9.23233786e-06  8.00000000e-02  2.12586866e-05  8.00000000e-02  2.76301396e-05 
 1.00000000e-01  4.20332888e-08  1.00000000e-01  1.09383134e-05  1.00000000e-01  2.60724554e-05  1.00000000e-01  3.41660663e-05 
 1.20000000e-01  4.46399566e-08  1.20000000e-01  1.24123139e-05  1.20000000e-01  3.06844076e-05  1.20000000e-01  4.05511968e-05 
 1.40000000e-01  4.71074615e-08  1.40000000e-01  1.36611969e-05  1.40000000e-01  3.50936681e-05  1.40000000e-01  4.67844505e-05 
 1.60000000e-01  4.95010355e-08  1.60000000e-01  1.46963495e-05  1.60000000e-01  3.92991344e-05  1.60000000e-01  5.28647223e-05 
 1.80000000e-01  5.18517385e-08  1.80000000e-01  1.55374446e-05  1.80000000e-01  4.32993244e-05  1.80000000e-01  5.87908606e-05 
 2.00000000e-01  5.41761106e-08  2.00000000e-01  1.62143656e-05  2.00000000e-01  4.70921599e-05  2.00000000e-01  6.45616376e-05 
 2.20000000e-01  5.64837614e-08  2.20000000e-01  1.67632703e-05  2.20000000e-01  5.06746664e-05  2.20000000e-01  7.01757079e-05 
 2.40000000e-01  5.87806652e-08  2.40000000e-01  1.72186893e-05  2.40000000e-01  5.40425818e-05  2.40000000e-01  7.56315518e-05 
 2.60000000e-01  6.10707385e-08  2.60000000e-01  1.76080715e-05  2.60000000e-01  5.71899133e-05  2.60000000e-01  8.09273973e-05 
 2.80000000e-01  6.33566598e-08  2.80000000e-01  1.79509652e-05  2.80000000e-01  6.01085992e-05  2.80000000e-01  8.60611122e-05 
 3.00000000e-01  6.56403237e-08  3.00000000e-01  1.82606378e-05  3.00000000e-01  6.27886678e-05  3.00000000e-01  9.10300571e-05 
 3.20000000e-01  6.79231082e-08  3.20000000e-01  1.85460135e-05  3.20000000e-01  6.52195858e-05  3.20000000e-01  9.58308841e-05 
 3.40000000e-01  7.02060382e-08  3.40000000e-01  1.88131653e-05  3.40000000e-01  6.73934837e-05  3.40000000e-01  1.00459268e-04 
 3.60000000e-01  7.24898905e-08  3.60000000e-01  1.90663130e-05  3.60000000e-01  6.93099453e-05  3.60000000e-01  1.04909558e-04 
 3.80000000e-01  7.47752632e-08  3.80000000e-01  1.93084582e-05  3.80000000e-01  7.09800909e-05  3.80000000e-01  1.09174348e-04 
 4.00000000e-01  7.70626225e-08  4.00000000e-01  1.95417872e-05  4.00000000e-01  7.24269113e-05  4.00000000e-01  1.13244012e-04 
 4.20000000e-01  7.93523363e-08  4.20000000e-01  1.97679277e-05  4.20000000e-01  7.36812250e-05  4.20000000e-01  1.17106310e-04 
 4.40000000e-01  8.16446968e-08  4.40000000e-01  1.99881168e-05  4.40000000e-01  7.47758903e-05  4.40000000e-01  1.20746329e-04 
 4.60000000e-01  8.39399382e-08  4.60000000e-01  2.02033118e-05  4.60000000e-01  7.57412898e-05  4.60000000e-01  1.24147180e-04 
 4.80000000e-01  8.62382494e-08  4.80000000e-01  2.04142657e-05  4.80000000e-01  7.66031569e-05  4.80000000e-01  1.27291938e-04 
 5.00000000e-01  8.85397829e-08  5.00000000e-01  2.06215801e-05  5.00000000e-01  7.73822114e-05  5.00000000e-01  1.30167007e-04 
 5.20000000e-01  9.08446626e-08  5.20000000e-01  2.08257415e-05  5.20000000e-01  7.80947093e-05  5.20000000e-01  1.32766224e-04 
 5.40000000e-01  9.31529892e-08  5.40000000e-01  2.10271484e-05  5.40000000e-01  7.87532736e-05  5.40000000e-01  1.35094011e-04 
 5.60000000e-01  9.54648447e-08  5.60000000e-01  2.12261304e-05  5.60000000e-01  7.93676983e-05  5.60000000e-01  1.37165909e-04 
 5.80000000e-01  9.77802953e-08  5.80000000e-01  2.14229633e-05  5.80000000e-01  7.99456189e-05  5.80000000e-01  1.39006090e-04 
 6.00000000e-01  1.00099395e-07  6.00000000e-01  2.16178795e-05  6.00000000e-01  8.04930347e-05  6.00000000e-01  1.40643280e-04 
 6.20000000e-01  1.02422186e-07  6.20000000e-01  2.18110764e-05  6.20000000e-01  8.10147033e-05  6.20000000e-01  1.42106825e-04 
 6.40000000e-01  1.04748704e-07  6.40000000e-01  2.20027233e-05  6.40000000e-01  8.15144356e-05  6.40000000e-01  1.43424006e-04 
 6.60000000e-01  1.07078976e-07  6.60000000e-01  2.21929659e-05  6.60000000e-01  8.19953145e-05  6.60000000e-01  1.44618711e-04 
 6.80000000e-01  1.09413022e-07  6.80000000e-01  2.23819307e-05  6.80000000e-01  8.24598584e-05  6.80000000e-01  1.45711103e-04 
 7.00000000e-01  1.11750859e-07  7.00000000e-01  2.25697280e-05  7.00000000e-01  8.29101437e-05  7.00000000e-01  1.46717847e-04 
 7.20000000e-01  1.14092497e-07  7.20000000e-01  2.27564546e-05  7.20000000e-01  8.33478977e-05  7.20000000e-01  1.47652570e-04 
 7.40000000e-01  1.16437946e-07  7.40000000e-01  2.29421957e-05  7.40000000e-01  8.37745690e-05  7.40000000e-01  1.48526374e-04 
 7.60000000e-01  1.18787208e-07  7.60000000e-01  2.31270266e-05  7.60000000e-01  8.41913820e-05  7.60000000e-01  1.49348306e-04 
 7.80000000e-01  1.21140286e-07  7.80000000e-01  2.33110146e-05  7.80000000e-01  8.45993792e-05  7.80000000e-01  1.50125765e-04 
 8.00000000e-01  1.23497180e-07  8.00000000e-01  2.34942194e-05  8.00000000e-01  8.49994539e-05  8.00000000e-01  1.50864833e-04 
 8.20000000e-01  1.25857888e-07  8.20000000e-01  2.36766947e-05  8.20000000e-01  8.53923768e-05  8.20000000e-01  1.51570538e-04 
 8.40000000e-01  1.28222405e-07  8.40000000e-01  2.38584885e-05  8.40000000e-01  8.57788164e-05  8.40000000e-01  1.52247063e-04 
 8.60000000e-01  1.30590726e-07  8.60000000e-01  2.40396444e-05  8.60000000e-01  8.61593557e-05  8.60000000e-01  1.52897913e-04 
 8.80000000e-01  1.32962846e-07  8.80000000e-01  2.42202016e-05  8.80000000e-01  8.65345061e-05  8.80000000e-01  1.53526041e-04 
 9.00000000e-01  1.35338756e-07  9.00000000e-01  2.44001957e-05  9.00000000e-01  8.69047180e-05  9.00000000e-01  1.54133954e-04 
 9.20000000e-01  1.37718448e-07  9.20000000e-01  2.45796592e-05  9.20000000e-01  8.72703899e-05  9.20000000e-01  1.54723792e-04 
 9.40000000e-01  1.40101915e-07  9.40000000e-01  2.47586214e-05  9.40000000e-01  8.76318760e-05  9.40000000e-01  1.55297394e-04 
 9.60000000e-01  1.42489146e-07  9.60000000e-01  2.49371096e-05  9.60000000e-01  8.79894921e-05  9.60000000e-01  1.55856346e-04 
 9.80000000e-01  1.44880132e-07  9.80000000e-01  2.51151482e-05  9.80000000e-01  8.83435213e-05  9.80000000e-01  1.56402027e-04 
 1.00000000e+00  1.47274864e-07  1.00000000e+00  2.52927601e-05  1.00000000e+00  8.86942176e-05  1.00000000e+00  1.56935640e-04 
 1.02000000e+00  1.49673333e-07  1.02000000e+00  2.54699662e-05  1.02000000e+00  8.90418101e-05  1.02000000e+00  1.57458239e-04 
 1.04000000e+00  1.52075527e-07  1.04000000e+00  2.56467857e-05  1.04000000e+00  8.93865062e-05  1.04000000e+00  1.57970755e-04 
 1.06000000e+00  1.54481440e-07  1.06000000e+00  2.58232365e-05  1.06000000e+00  8.97284936e-05  1.06000000e+00  1.58474009e-04 
 1.08000000e+00  1.56891061e-07  1.08000000e+00  2.59993351e-05  1.08000000e+00  9.00679433e-05  1.08000000e+00  1.58968732e-04 
 1.10000000e+00  1.59304382e-07  1.10000000e+00  2.61750967e-05  1.10000000e+00  9.04050111e-05  1.10000000e+00  1.59455574e-04 
 1.12000000e+00  1.61721396e-07  1.12000000e+00  2.63505357e-05  1.12000000e+00  9.07398394e-05  1.12000000e+00  1.59935119e-04 
 1.14000000e+00  1.64142095e-07  1.14000000e+00  2.65256654e-05  1.14000000e+00  9.10725588e-05  1.14000000e+00  1.60407889e-04 
 1.16000000e+00  1.66566475e-07  1.16000000e+00  2.67004982e-05  1.16000000e+00  9.14032890e-05  1.16000000e+00  1.60874356e-04 
 1.18000000e+00  1.68994529e-07  1.18000000e+00  2.68750458e-05  1.18000000e+00  9.17321406e-05  1.18000000e+00  1.61334946e-04 
 1.20000000e+00  1.71426255e-07  1.20000000e+00  2.70493193e-05  1.20000000e+00  9.20592152e-05  1.20000000e+00  1.61790044e-04 
 1.22000000e+00  1.73861649e-07  1.22000000e+00  2.72233290e-05  1.22000000e+00  9.23846071e-05  1.22000000e+00  1.62240002e-04 
 1.24000000e+00  1.76300712e-07  1.24000000e+00  2.73970848e-05  1.24000000e+00  9.27084033e-05  1.24000000e+00  1.62685139e-04 
 1.26000000e+00  1.78743445e-07  1.26000000e+00  2.75705961e-05  1.26000000e+00  9.30306849e-05  1.26000000e+00  1.63125747e-04 
 1.28000000e+00  1.81189850e-07  1.28000000e+00  2.77438718e-05  1.28000000e+00  9.33515272e-05  1.28000000e+00  1.63562093e-04 
 1.30000000e+00  1.83639932e-07  1.30000000e+00  2.79169204e-05  1.30000000e+00  9.36710004e-05  1.30000000e+00  1.63994423e-04 
 1.32000000e+00  1.86093699e-07  1.32000000e+00  2.80897503e-05  1.32000000e+00  9.39891700e-05  1.32000000e+00  1.64422963e-04 
 1.34000000e+00  1.88551159e-07  1.34000000e+00  2.82623694e-05  1.34000000e+00  9.43060975e-05  1.34000000e+00  1.64847919e-04 
 1.36000000e+00  1.91012325e-07  1.36000000e+00  2.84347856e-05  1.36000000e+00  9.46218407e-05  1.36000000e+00  1.65269485e-04 
 1.38000000e+00  1.93477212e-07  1.38000000e+00  2.86070064e-05  1.38000000e+00  9.49364536e-05  1.38000000e+00  1.65687837e-04 
 1.40000000e+00  1.95945837e-07  1.40000000e+00  2.87790395e-05  1.40000000e+00  9.52499876e-05  1.40000000e+00  1.66103142e-04 
 1.42000000e+00  1.98418220e-07  1.42000000e+00  2.89508920e-05  1.42000000e+00  9.55624909e-05  1.42000000e+00  1.66515552e-04 
 1.44000000e+00  2.00894386e-07  1.44000000e+00  2.91225715e-05  1.44000000e+00  9.58740096e-05  1.44000000e+00  1.66925210e-04 
 1.46000000e+00  2.03374361e-07  1.46000000e+00  2.92940852e-05  1.46000000e+00  9.61845873e-05  1.46000000e+00  1.67332249e-04 
 1.48000000e+00  2.05858177e-07  1.48000000e+00  2.94654405e-05  1.48000000e+00  9.64942657e-05  1.48000000e+00  1.67736793e-04 
 1.50000000e+00  2.08345867e-07  1.50000000e+00  2.96366447e-05  1.50000000e+00  9.68030847e-05  1.50000000e+00  1.68138960e-04 
 1.52000000e+00  2.10837469e-07  1.52000000e+00  2.98077055e-05  1.52000000e+00  9.71110827e-05  1.52000000e+00  1.68538858e-04 
 1.54000000e+00  2.13333027e-07  1.54000000e+00  2.99786303e-05  1.54000000e+00  9.74182966e-05  1.54000000e+00  1.68936591e-04 
 1.56000000e+00  2.15832585e-07  1.56000000e+00  3.01494269e-05  1.56000000e+00  9.77247622e-05  1.56000000e+00  1.69332256e-04 
 1.58000000e+00  2.18336195e-07  1.58000000e+00  3.03201032e-05  1.58000000e+00  9.80305144e-05  1.58000000e+00  1.69725946e-04 
 1.60000000e+00  2.20843911e-07  1.60000000e+00  3.04906673e-05  1.60000000e+00  9.83355869e-05  1.60000000e+00  1.70117746e-04 
 1.62000000e+00  2.23355792e-07  1.62000000e+00  3.06611275e-05  1.62000000e+00  9.86400130e-05  1.62000000e+00  1.70507741e-04 
 1.64000000e+00  2.25871903e-07  1.64000000e+00  3.08314923e-05  1.64000000e+00  9.89438254e-05  1.64000000e+00  1.70896009e-04 
 1.66000000e+00  2.28392313e-07  1.66000000e+00  3.10017706e-05  1.66000000e+00  9.92470561e-05  1.66000000e+00  1.71282626e-04 
 1.68000000e+00  2.30917094e-07  1.68000000e+00  3.11719713e-05  1.68000000e+00  9.95497371e-05  1.68000000e+00  1.71667665e-04 
 1.70000000e+00  2.33446326e-07  1.70000000e+00  3.13421040e-05  1.70000000e+00  9.98518999e-05  1.70000000e+00  1.72051195e-04 
 1.72000000e+00  2.35980093e-07  1.72000000e+00  3.15121782e-05  1.72000000e+00  1.00153576e-04  1.72000000e+00  1.72433284e-04 
 1.74000000e+00  2.38518482e-07  1.74000000e+00  3.16822039e-05  1.74000000e+00  1.00454797e-04  1.74000000e+00  1.72813997e-04 
 1.76000000e+00  2.41061588e-07  1.76000000e+00  3.18521916e-05  1.76000000e+00  1.00755595e-04  1.76000000e+00  1.73193399e-04 
 1.78000000e+00  2.43609511e-07  1.78000000e+00  3.20221519e-05  1.78000000e+00  1.01056001e-04  1.78000000e+00  1.73571551e-04 
 1.80000000e+00  2.46162355e-07  1.80000000e+00  3.21920959e-05  1.80000000e+00  1.01356048e-04  1.80000000e+00  1.73948515e-04 
