 0.00000000e+00  1.14758131e-32  0.00000000e+00  0.00000000e+00 
 1.00000000e-02  1.11293251e-14  1.00000000e-02  0.00000000e+00 
 2.00000000e-02  2.25465263e-14  2.00000000e-02  0.00000000e+00 
 3.00000000e-02  3.43342298e-14  3.00000000e-02  0.00000000e+00 
 4.00000000e-02  4.66131582e-14  4.00000000e-02  0.00000000e+00 
 5.00000000e-02  5.95713257e-14  5.00000000e-02  0.00000000e+00 
 6.00000000e-02  7.34854343e-14  6.00000000e-02  0.00000000e+00 
 7.00000000e-02  8.87385597e-14  7.00000000e-02  0.00000000e+00 
 8.00000000e-02  1.05847026e-13  8.00000000e-02  0.00000000e+00 
 9.00000000e-02  1.25505156e-13  9.00000000e-02  0.00000000e+00 
 1.00000000e-01  1.48649783e-13  1.00000000e-01  0.00000000e+00 
 1.10000000e-01  1.76546982e-13  1.10000000e-01  0.00000000e+00 
 1.20000000e-01  2.10910933e-13  1.20000000e-01  0.00000000e+00 
 1.30000000e-01  2.54062559e-13  1.30000000e-01  0.00000000e+00 
 1.40000000e-01  3.09144420e-13  1.40000000e-01  0.00000000e+00 
 1.50000000e-01  3.80408758e-13  1.50000000e-01  0.00000000e+00 
 1.60000000e-01  4.73607698e-13  1.60000000e-01  0.00000000e+00 
 1.70000000e-01  5.96518061e-13  1.70000000e-01  0.00000000e+00 
 1.80000000e-01  7.59647499e-13  1.80000000e-01  0.00000000e+00 
 1.90000000e-01  9.77186377e-13  1.90000000e-01  0.00000000e+00 
 2.00000000e-01  1.26828664e-12  2.00000000e-01  0.00000000e+00 
 2.10000000e-01  1.65878352e-12  2.10000000e-01  0.00000000e+00 
 2.20000000e-01  2.18350658e-12  2.20000000e-01  0.00000000e+00 
 2.30000000e-01  2.88938459e-12  2.30000000e-01  0.00000000e+00 
 2.40000000e-01  3.83961157e-12  2.40000000e-01  0.00000000e+00 
 2.50000000e-01  5.11923305e-12  2.50000000e-01  0.00000000e+00 
 2.60000000e-01  6.84263345e-12  2.60000000e-01  0.00000000e+00 
 2.70000000e-01  9.16355945e-12  2.70000000e-01  0.00000000e+00 
 2.80000000e-01  1.22885296e-11  2.80000000e-01  0.00000000e+00 
 2.90000000e-01  1.64947603e-11  2.90000000e-01  0.00000000e+00 
 3.00000000e-01  2.21540974e-11  3.00000000e-01  0.00000000e+00 
 3.10000000e-01  2.97649420e-11  3.10000000e-01  0.00000000e+00 
 3.20000000e-01  3.99947807e-11  3.20000000e-01  0.00000000e+00 
 3.30000000e-01  5.37367730e-11  3.30000000e-01  0.00000000e+00 
 3.40000000e-01  7.21849334e-11  3.40000000e-01  0.00000000e+00 
 3.50000000e-01  9.69338578e-11  3.50000000e-01  0.00000000e+00 
 3.60000000e-01  1.30110765e-10  3.60000000e-01  0.00000000e+00 
 3.70000000e-01  1.74549986e-10  3.70000000e-01  0.00000000e+00 
 3.80000000e-01  2.34023015e-10  3.80000000e-01  0.00000000e+00 
 3.90000000e-01  3.13541056e-10  3.90000000e-01  0.00000000e+00 
 4.00000000e-01  4.19751788e-10  4.00000000e-01  0.00000000e+00 
 4.10000000e-01  5.61458006e-10  4.10000000e-01  0.00000000e+00 
 4.20000000e-01  7.50293139e-10  4.20000000e-01  0.00000000e+00 
 4.30000000e-01  1.00159751e-09  4.30000000e-01  0.00000000e+00 
 4.40000000e-01  1.33554976e-09  4.40000000e-01  0.00000000e+00 
 4.50000000e-01  1.77862005e-09  4.50000000e-01  0.00000000e+00 
 4.60000000e-01  2.36542576e-09  4.60000000e-01  0.00000000e+00 
 4.70000000e-01  3.14108519e-09  4.70000000e-01  0.00000000e+00 
 4.80000000e-01  4.16418066e-09  4.80000000e-01  0.00000000e+00 
 4.90000000e-01  5.51045720e-09  4.90000000e-01  0.00000000e+00 
 5.00000000e-01  7.27739542e-09  5.00000000e-01  0.00000000e+00 
 5.10000000e-01  9.58980472e-09  5.10000000e-01  0.00000000e+00 
 5.20000000e-01  1.26065820e-08  5.20000000e-01  0.00000000e+00 
 5.30000000e-01  1.65287690e-08  5.30000000e-01  0.00000000e+00 
 5.40000000e-01  2.16090122e-08  5.40000000e-01  0.00000000e+00 
 5.50000000e-01  2.81624835e-08  5.50000000e-01  0.00000000e+00 
 5.60000000e-01  3.65792501e-08  5.60000000e-01  0.00000000e+00 
 5.70000000e-01  4.73379922e-08  5.70000000e-01  0.00000000e+00 
 5.80000000e-01  6.10208625e-08  5.80000000e-01  0.00000000e+00 
 5.90000000e-01  7.83291625e-08  5.90000000e-01  0.00000000e+00 
 6.00000000e-01  1.00099395e-07  6.00000000e-01  0.00000000e+00 
 6.10000000e-01  1.27319147e-07  6.10000000e-01  0.00000000e+00 
 6.20000000e-01  1.61142186e-07  6.20000000e-01  0.00000000e+00 
 6.30000000e-01  2.02902085e-07  6.30000000e-01  0.00000000e+00 
 6.40000000e-01  2.54123696e-07  6.40000000e-01  0.00000000e+00 
 6.50000000e-01  3.16531766e-07  6.50000000e-01  0.00000000e+00 
 6.60000000e-01  3.92055984e-07  6.60000000e-01  0.00000000e+00 
 6.70000000e-01  4.82831751e-07  6.70000000e-01  0.00000000e+00 
 6.80000000e-01  5.91195858e-07  6.80000000e-01  0.00000000e+00 
 6.90000000e-01  7.19676235e-07  6.90000000e-01  0.00000000e+00 
 7.00000000e-01  8.70974839e-07  7.00000000e-01  3.69149186e-35 
 7.10000000e-01  1.04794279e-06  7.10000000e-01  3.29913204e-08 
 7.20000000e-01  1.25354701e-06  7.20000000e-01  1.30847451e-07 
 7.30000000e-01  1.49082794e-06  7.30000000e-01  2.91942458e-07 
 7.40000000e-01  1.76284860e-06  7.40000000e-01  5.14715443e-07 
 7.50000000e-01  2.07263598e-06  7.50000000e-01  7.97667327e-07 
 7.60000000e-01  2.42311665e-06  7.60000000e-01  1.13935782e-06 
 7.70000000e-01  2.81704951e-06  7.70000000e-01  1.53840255e-06 
 7.80000000e-01  3.25695930e-06  7.80000000e-01  1.99347042e-06 
 7.90000000e-01  3.74507501e-06  7.90000000e-01  2.50328102e-06 
 8.00000000e-01  4.28327734e-06  8.00000000e-01  3.06660226e-06 
 8.10000000e-01  4.87305983e-06  8.10000000e-01  3.68224812e-06 
 8.20000000e-01  5.51549821e-06  8.20000000e-01  4.34907648e-06 
 8.30000000e-01  6.21121860e-06  8.30000000e-01  5.06598716e-06 
 8.40000000e-01  6.96043228e-06  8.40000000e-01  5.83191999e-06 
 8.50000000e-01  7.76294428e-06  8.50000000e-01  6.64585297e-06 
 8.60000000e-01  8.61818335e-06  8.60000000e-01  7.50680064e-06 
 8.70000000e-01  9.52524217e-06  8.70000000e-01  8.41381240e-06 
 8.80000000e-01  1.04829236e-05  8.80000000e-01  9.36597100e-06 
 8.90000000e-01  1.14897903e-05  8.90000000e-01  1.03623911e-05 
 9.00000000e-01  1.25442143e-05  9.00000000e-01  1.14022179e-05 
 9.10000000e-01  1.36444252e-05  9.10000000e-01  1.24846259e-05 
 9.20000000e-01  1.47885547e-05  9.20000000e-01  1.36088173e-05 
 9.30000000e-01  1.59746764e-05  9.30000000e-01  1.47740215e-05 
 9.40000000e-01  1.72008400e-05  9.40000000e-01  1.59794934e-05 
 9.50000000e-01  1.84651009e-05  9.50000000e-01  1.72245124e-05 
 9.60000000e-01  1.97655436e-05  9.60000000e-01  1.85083818e-05 
 9.70000000e-01  2.11003001e-05  9.70000000e-01  1.98304273e-05 
 9.80000000e-01  2.24675646e-05  9.80000000e-01  2.11899965e-05 
 9.90000000e-01  2.38656030e-05  9.90000000e-01  2.25864579e-05 
 1.00000000e+00  2.52927601e-05  1.00000000e+00  2.40192000e-05 
 1.01000000e+00  2.67474635e-05  1.01000000e+00  2.54876305e-05 
 1.02000000e+00  2.82282247e-05  1.02000000e+00  2.69911757e-05 
 1.03000000e+00  2.97336399e-05  1.03000000e+00  2.85292796e-05 
 1.04000000e+00  3.12623877e-05  1.04000000e+00  3.01014034e-05 
 1.05000000e+00  3.28132269e-05  1.05000000e+00  3.17070247e-05 
 1.06000000e+00  3.43849932e-05  1.06000000e+00  3.33456370e-05 
 1.07000000e+00  3.59765954e-05  1.07000000e+00  3.50167489e-05 
 1.08000000e+00  3.75870114e-05  1.08000000e+00  3.67198838e-05 
 1.09000000e+00  3.92152841e-05  1.09000000e+00  3.84545791e-05 
 1.10000000e+00  4.08605170e-05  1.10000000e+00  4.02203859e-05 
 1.11000000e+00  4.25218704e-05  1.11000000e+00  4.20168684e-05 
 1.12000000e+00  4.41985572e-05  1.12000000e+00  4.38436034e-05 
 1.13000000e+00  4.58898390e-05  1.13000000e+00  4.57001798e-05 
 1.14000000e+00  4.75950229e-05  1.14000000e+00  4.75861985e-05 
 1.15000000e+00  4.93134574e-05  1.15000000e+00  4.95012715e-05 
 1.16000000e+00  5.10445302e-05  1.16000000e+00  5.14450217e-05 
 1.17000000e+00  5.27876643e-05  1.17000000e+00  5.34170827e-05 
 1.18000000e+00  5.45423159e-05  1.18000000e+00  5.54170982e-05 
 1.19000000e+00  5.63079718e-05  1.19000000e+00  5.74447218e-05 
 1.20000000e+00  5.80841469e-05  1.20000000e+00  5.94996164e-05 
 1.21000000e+00  5.98703823e-05  1.21000000e+00  6.15814544e-05 
 1.22000000e+00  6.16662432e-05  1.22000000e+00  6.36899166e-05 
 1.23000000e+00  6.34713173e-05  1.23000000e+00  6.58246928e-05 
 1.24000000e+00  6.52852132e-05  1.24000000e+00  6.79854809e-05 
 1.25000000e+00  6.71075587e-05  1.25000000e+00  7.01719868e-05 
 1.26000000e+00  6.89379998e-05  1.26000000e+00  7.23839240e-05 
 1.27000000e+00  7.07761991e-05  1.27000000e+00  7.46210138e-05 
 1.28000000e+00  7.26218350e-05  1.28000000e+00  7.68829845e-05 
 1.29000000e+00  7.44746004e-05  1.29000000e+00  7.91695715e-05 
 1.30000000e+00  7.63342022e-05  1.30000000e+00  8.14805169e-05 
 1.31000000e+00  7.82003600e-05  1.31000000e+00  8.38155696e-05 
 1.32000000e+00  8.00728053e-05  1.32000000e+00  8.61744845e-05 
 1.33000000e+00  8.19512813e-05  1.33000000e+00  8.85570229e-05 
 1.34000000e+00  8.38355417e-05  1.34000000e+00  9.09629522e-05 
 1.35000000e+00  8.57253502e-05  1.35000000e+00  9.33920452e-05 
 1.36000000e+00  8.76204804e-05  1.36000000e+00  9.58440806e-05 
 1.37000000e+00  8.95207142e-05  1.37000000e+00  9.83188425e-05 
 1.38000000e+00  9.14258428e-05  1.38000000e+00  1.00816120e-04 
 1.39000000e+00  9.33356651e-05  1.39000000e+00  1.03335708e-04 
 1.40000000e+00  9.52499876e-05  1.40000000e+00  1.05877405e-04 
 1.41000000e+00  9.71686242e-05  1.41000000e+00  1.08441016e-04 
 1.42000000e+00  9.90913959e-05  1.42000000e+00  1.11026350e-04 
 1.43000000e+00  1.01018130e-04  1.43000000e+00  1.13633220e-04 
 1.44000000e+00  1.02948660e-04  1.44000000e+00  1.16261443e-04 
 1.45000000e+00  1.04882826e-04  1.45000000e+00  1.18910842e-04 
 1.46000000e+00  1.06820473e-04  1.46000000e+00  1.21581243e-04 
 1.47000000e+00  1.08761453e-04  1.47000000e+00  1.24272476e-04 
 1.48000000e+00  1.10705620e-04  1.48000000e+00  1.26984375e-04 
 1.49000000e+00  1.12652837e-04  1.49000000e+00  1.29716778e-04 
 1.50000000e+00  1.14602969e-04  1.50000000e+00  1.32469527e-04 
 1.51000000e+00  1.16555887e-04  1.51000000e+00  1.35242467e-04 
 1.52000000e+00  1.18511465e-04  1.52000000e+00  1.38035446e-04 
 1.53000000e+00  1.20469583e-04  1.53000000e+00  1.40848316e-04 
 1.54000000e+00  1.22430124e-04  1.54000000e+00  1.43680933e-04 
 1.55000000e+00  1.24392974e-04  1.55000000e+00  1.46533155e-04 
 1.56000000e+00  1.26358025e-04  1.56000000e+00  1.49404844e-04 
 1.57000000e+00  1.28325171e-04  1.57000000e+00  1.52295864e-04 
 1.58000000e+00  1.30294309e-04  1.58000000e+00  1.55206083e-04 
 1.59000000e+00  1.32265341e-04  1.59000000e+00  1.58135371e-04 
 1.60000000e+00  1.34238170e-04  1.60000000e+00  1.61083603e-04 
 1.61000000e+00  1.36212704e-04  1.61000000e+00  1.64050652e-04 
 1.62000000e+00  1.38188854e-04  1.62000000e+00  1.67036399e-04 
 1.63000000e+00  1.40166531e-04  1.63000000e+00  1.70040724e-04 
 1.64000000e+00  1.42145653e-04  1.64000000e+00  1.73063511e-04 
 1.65000000e+00  1.44126138e-04  1.65000000e+00  1.76104645e-04 
 1.66000000e+00  1.46107906e-04  1.66000000e+00  1.79164017e-04 
 1.67000000e+00  1.48090881e-04  1.67000000e+00  1.82241515e-04 
 1.68000000e+00  1.50074989e-04  1.68000000e+00  1.85337034e-04 
 1.69000000e+00  1.52060157e-04  1.69000000e+00  1.88450468e-04 
 1.70000000e+00  1.54046317e-04  1.70000000e+00  1.91581714e-04 
 1.71000000e+00  1.56033400e-04  1.71000000e+00  1.94730673e-04 
 1.72000000e+00  1.58021341e-04  1.72000000e+00  1.97897246e-04 
 1.73000000e+00  1.60010077e-04  1.73000000e+00  2.01081335e-04 
 1.74000000e+00  1.61999545e-04  1.74000000e+00  2.04282848e-04 
 1.75000000e+00  1.63989686e-04  1.75000000e+00  2.07501690e-04 
 1.76000000e+00  1.65980442e-04  1.76000000e+00  2.10737770e-04 
 1.77000000e+00  1.67971757e-04  1.77000000e+00  2.13991001e-04 
 1.78000000e+00  1.69963576e-04  1.78000000e+00  2.17261294e-04 
 1.79000000e+00  1.71955845e-04  1.79000000e+00  2.20548563e-04 
 1.80000000e+00  1.73948515e-04  1.80000000e+00  2.23852725e-04 
