 0.00000000e+00  6.85235175e-05  0.00000000e+00  1.12472345e-04 
 1.00000000e-02  6.75721089e-05  1.00000000e-02  1.10543901e-04 
 2.00000000e-02  6.66222008e-05  2.00000000e-02  1.08630647e-04 
 3.00000000e-02  6.56738966e-05  3.00000000e-02  1.06732612e-04 
 4.00000000e-02  6.47273010e-05  4.00000000e-02  1.04849827e-04 
 5.00000000e-02  6.37825199e-05  5.00000000e-02  1.02982320e-04 
 6.00000000e-02  6.28396604e-05  6.00000000e-02  1.01130123e-04 
 7.00000000e-02  6.18988311e-05  7.00000000e-02  9.92932649e-05 
 8.00000000e-02  6.09601416e-05  8.00000000e-02  9.74717778e-05 
 9.00000000e-02  6.00237031e-05  9.00000000e-02  9.56656923e-05 
 1.00000000e-01  5.90896277e-05  1.00000000e-01  9.38750400e-05 
 1.10000000e-01  5.81580289e-05  1.10000000e-01  9.20998526e-05 
 1.20000000e-01  5.72290216e-05  1.20000000e-01  9.03401621e-05 
 1.30000000e-01  5.63027218e-05  1.30000000e-01  8.85960010e-05 
 1.40000000e-01  5.53792466e-05  1.40000000e-01  8.68674020e-05 
 1.50000000e-01  5.44587145e-05  1.50000000e-01  8.51543982e-05 
 1.60000000e-01  5.35412452e-05  1.60000000e-01  8.34570229e-05 
 1.70000000e-01  5.26269596e-05  1.70000000e-01  8.17753099e-05 
 1.80000000e-01  5.17159798e-05  1.80000000e-01  8.01092933e-05 
 1.90000000e-01  5.08084289e-05  1.90000000e-01  7.84590076e-05 
 2.00000000e-01  4.99044315e-05  2.00000000e-01  7.68244874e-05 
 2.10000000e-01  4.90041131e-05  2.10000000e-01  7.52057679e-05 
 2.20000000e-01  4.81076005e-05  2.20000000e-01  7.36028847e-05 
 2.30000000e-01  4.72150214e-05  2.30000000e-01  7.20158736e-05 
 2.40000000e-01  4.63265048e-05  2.40000000e-01  7.04447709e-05 
 2.50000000e-01  4.54421807e-05  2.50000000e-01  6.88896131e-05 
 2.60000000e-01  4.45621803e-05  2.60000000e-01  6.73504373e-05 
 2.70000000e-01  4.36866357e-05  2.70000000e-01  6.58272808e-05 
 2.80000000e-01  4.28156802e-05  2.80000000e-01  6.43201815e-05 
 2.90000000e-01  4.19494478e-05  2.90000000e-01  6.28291775e-05 
 3.00000000e-01  4.10880738e-05  3.00000000e-01  6.13543074e-05 
 3.10000000e-01  4.02316943e-05  3.10000000e-01  5.98956101e-05 
 3.20000000e-01  3.93804463e-05  3.20000000e-01  5.84531251e-05 
 3.30000000e-01  3.85344683e-05  3.30000000e-01  5.70268922e-05 
 3.40000000e-01  3.76938984e-05  3.40000000e-01  5.56169516e-05 
 3.50000000e-01  3.68588768e-05  3.50000000e-01  5.42233440e-05 
 3.60000000e-01  3.60295439e-05  3.60000000e-01  5.28461105e-05 
 3.70000000e-01  3.52060410e-05  3.70000000e-01  5.14852926e-05 
 3.80000000e-01  3.43885104e-05  3.80000000e-01  5.01409323e-05 
 3.90000000e-01  3.35770947e-05  3.90000000e-01  4.88130721e-05 
 4.00000000e-01  3.27719377e-05  4.00000000e-01  4.75017548e-05 
 4.10000000e-01  3.19731835e-05  4.10000000e-01  4.62070239e-05 
 4.20000000e-01  3.11809769e-05  4.20000000e-01  4.49289231e-05 
 4.30000000e-01  3.03954634e-05  4.30000000e-01  4.36674968e-05 
 4.40000000e-01  2.96167890e-05  4.40000000e-01  4.24227898e-05 
 4.50000000e-01  2.88451003e-05  4.50000000e-01  4.11948473e-05 
 4.60000000e-01  2.80805442e-05  4.60000000e-01  3.99837152e-05 
 4.70000000e-01  2.73232684e-05  4.70000000e-01  3.87894398e-05 
 4.80000000e-01  2.65734206e-05  4.80000000e-01  3.76120678e-05 
 4.90000000e-01  2.58311493e-05  4.90000000e-01  3.64516466e-05 
 5.00000000e-01  2.50966030e-05  5.00000000e-01  3.53082240e-05 
 5.10000000e-01  2.43699308e-05  5.10000000e-01  3.41818484e-05 
 5.20000000e-01  2.36512818e-05  5.20000000e-01  3.30725687e-05 
 5.30000000e-01  2.29408057e-05  5.30000000e-01  3.19804345e-05 
 5.40000000e-01  2.22386520e-05  5.40000000e-01  3.09054956e-05 
 5.50000000e-01  2.15449707e-05  5.50000000e-01  2.98478028e-05 
 5.60000000e-01  2.08599120e-05  5.60000000e-01  2.88074072e-05 
 5.70000000e-01  2.01836258e-05  5.70000000e-01  2.77843604e-05 
 5.80000000e-01  1.95162626e-05  5.80000000e-01  2.67787149e-05 
 5.90000000e-01  1.88579726e-05  5.90000000e-01  2.57905236e-05 
 6.00000000e-01  1.82089064e-05  6.00000000e-01  2.48198400e-05 
 6.10000000e-01  1.75692142e-05  6.10000000e-01  2.38667182e-05 
 6.20000000e-01  1.69390467e-05  6.20000000e-01  2.29312131e-05 
 6.30000000e-01  1.63185542e-05  6.30000000e-01  2.20133799e-05 
 6.40000000e-01  1.57078871e-05  6.40000000e-01  2.11132748e-05 
 6.50000000e-01  1.51071958e-05  6.50000000e-01  2.02309544e-05 
 6.60000000e-01  1.45166308e-05  6.60000000e-01  1.93664761e-05 
 6.70000000e-01  1.39363423e-05  6.70000000e-01  1.85198980e-05 
 6.80000000e-01  1.33664806e-05  6.80000000e-01  1.76912786e-05 
 6.90000000e-01  1.28071957e-05  6.90000000e-01  1.68806773e-05 
 7.00000000e-01  1.22586379e-05  7.00000000e-01  1.60881544e-05 
 7.10000000e-01  1.17209570e-05  7.10000000e-01  1.53137704e-05 
 7.20000000e-01  1.11943030e-05  7.20000000e-01  1.45575871e-05 
 7.30000000e-01  1.06788254e-05  7.30000000e-01  1.38196665e-05 
 7.40000000e-01  1.01746736e-05  7.40000000e-01  1.31000717e-05 
 7.50000000e-01  9.68199693e-06  7.50000000e-01  1.23988664e-05 
 7.60000000e-01  9.20094398e-06  7.60000000e-01  1.17161151e-05 
 7.70000000e-01  8.73166301e-06  7.70000000e-01  1.10518831e-05 
 7.80000000e-01  8.27430154e-06  7.80000000e-01  1.04062364e-05 
 7.90000000e-01  7.82900616e-06  7.90000000e-01  9.77924191e-06 
 8.00000000e-01  7.39592230e-06  8.00000000e-01  9.17096727e-06 
 8.10000000e-01  6.97519376e-06  8.10000000e-01  8.58148097e-06 
 8.20000000e-01  6.56696236e-06  8.20000000e-01  8.01085234e-06 
 8.30000000e-01  6.17136728e-06  8.30000000e-01  7.45915154e-06 
 8.40000000e-01  5.78854440e-06  8.40000000e-01  6.92644961e-06 
 8.50000000e-01  5.41862540e-06  8.50000000e-01  6.41281846e-06 
 8.60000000e-01  5.06173667e-06  8.60000000e-01  5.91833088e-06 
 8.70000000e-01  4.71799810e-06  8.70000000e-01  5.44306057e-06 
 8.80000000e-01  4.38752147e-06  8.80000000e-01  4.98708213e-06 
 8.90000000e-01  4.07040868e-06  8.90000000e-01  4.55047111e-06 
 9.00000000e-01  3.76674961e-06  9.00000000e-01  4.13330400e-06 
 9.10000000e-01  3.47661968e-06  9.10000000e-01  3.73565824e-06 
 9.20000000e-01  3.20007702e-06  9.20000000e-01  3.35761224e-06 
 9.30000000e-01  2.93715931e-06  9.30000000e-01  2.99924543e-06 
 9.40000000e-01  2.68788023e-06  9.40000000e-01  2.66063820e-06 
 9.50000000e-01  2.45222565e-06  9.50000000e-01  2.34187200e-06 
 9.60000000e-01  2.23014949e-06  9.60000000e-01  2.04302930e-06 
 9.70000000e-01  2.02156941e-06  9.70000000e-01  1.76419361e-06 
 9.80000000e-01  1.82636252e-06  9.80000000e-01  1.50544955e-06 
 9.90000000e-01  1.64436110e-06  9.90000000e-01  1.26688279e-06 
 1.00000000e+00  1.47534884e-06  1.00000000e+00  1.04858013e-06 
 1.01000000e+00  1.31905746e-06  1.01000000e+00  8.50629474e-07 
 1.02000000e+00  1.17516440e-06  1.02000000e+00  6.73119884e-07 
 1.03000000e+00  1.04329157e-06  1.03000000e+00  5.16141573e-07 
 1.04000000e+00  9.23005635e-07  1.04000000e+00  3.79785939e-07 
 1.05000000e+00  8.13819851e-07  1.05000000e+00  2.64145574e-07 
 1.06000000e+00  7.15197878e-07  1.06000000e+00  1.69314291e-07 
 1.07000000e+00  6.26559362e-07  1.07000000e+00  9.53871398e-08 
 1.08000000e+00  5.47287322e-07  1.08000000e+00  4.24604313e-08 
 1.09000000e+00  4.76737058e-07  1.09000000e+00  1.06317544e-08 
 1.10000000e+00  4.14246197e-07  1.10000000e+00  0.00000000e+00 
 1.11000000e+00  3.59145391e-07  1.11000000e+00  0.00000000e+00 
 1.12000000e+00  3.10769111e-07  1.12000000e+00  0.00000000e+00 
 1.13000000e+00  2.68465956e-07  1.13000000e+00  0.00000000e+00 
 1.14000000e+00  2.31607972e-07  1.14000000e+00  0.00000000e+00 
 1.15000000e+00  1.99598562e-07  1.15000000e+00  0.00000000e+00 
 1.16000000e+00  1.71878706e-07  1.16000000e+00  0.00000000e+00 
 1.17000000e+00  1.47931350e-07  1.17000000e+00  0.00000000e+00 
 1.18000000e+00  1.27284006e-07  1.18000000e+00  0.00000000e+00 
 1.19000000e+00  1.09509669e-07  1.19000000e+00  0.00000000e+00 
 1.20000000e+00  9.42263118e-08  1.20000000e+00  0.00000000e+00 
 1.21000000e+00  8.10952095e-08  1.21000000e+00  0.00000000e+00 
 1.22000000e+00  6.98184086e-08  1.22000000e+00  0.00000000e+00 
 1.23000000e+00  6.01356192e-08  1.23000000e+00  0.00000000e+00 
 1.24000000e+00  5.18207829e-08  1.24000000e+00  0.00000000e+00 
 1.25000000e+00  4.46785267e-08  1.25000000e+00  0.00000000e+00 
 1.26000000e+00  3.85406646e-08  1.26000000e+00  0.00000000e+00 
 1.27000000e+00  3.32628638e-08  1.27000000e+00  0.00000000e+00 
 1.28000000e+00  2.87215493e-08  1.28000000e+00  0.00000000e+00 
 1.29000000e+00  2.48110919e-08  1.29000000e+00  0.00000000e+00 
 1.30000000e+00  2.14412954e-08  1.30000000e+00  0.00000000e+00 
 1.31000000e+00  1.85351807e-08  1.31000000e+00  0.00000000e+00 
 1.32000000e+00  1.60270541e-08  1.32000000e+00  0.00000000e+00 
 1.33000000e+00  1.38608374e-08  1.33000000e+00  0.00000000e+00 
 1.34000000e+00  1.19886328e-08  1.34000000e+00  0.00000000e+00 
 1.35000000e+00  1.03694980e-08  1.35000000e+00  0.00000000e+00 
 1.36000000e+00  8.96840342e-09  1.36000000e+00  0.00000000e+00 
 1.37000000e+00  7.75534716e-09  1.37000000e+00  0.00000000e+00 
 1.38000000e+00  6.70460493e-09  1.38000000e+00  0.00000000e+00 
 1.39000000e+00  5.79409560e-09  1.39000000e+00  0.00000000e+00 
 1.40000000e+00  5.00484410e-09  1.40000000e+00  0.00000000e+00 
 1.41000000e+00  4.32052663e-09  1.41000000e+00  0.00000000e+00 
 1.42000000e+00  3.72708574e-09  1.42000000e+00  0.00000000e+00 
 1.43000000e+00  3.21240363e-09  1.43000000e+00  0.00000000e+00 
 1.44000000e+00  2.76602497e-09  1.44000000e+00  0.00000000e+00 
 1.45000000e+00  2.37892092e-09  1.45000000e+00  0.00000000e+00 
 1.46000000e+00  2.04328830e-09  1.46000000e+00  0.00000000e+00 
 1.47000000e+00  1.75237797e-09  1.47000000e+00  0.00000000e+00 
 1.48000000e+00  1.50034813e-09  1.48000000e+00  0.00000000e+00 
 1.49000000e+00  1.28213878e-09  1.49000000e+00  0.00000000e+00 
 1.50000000e+00  1.09336348e-09  1.50000000e+00  0.00000000e+00 
 1.51000000e+00  9.30216765e-10  1.51000000e+00  0.00000000e+00 
 1.52000000e+00  7.89393946e-10  1.52000000e+00  0.00000000e+00 
 1.53000000e+00  6.68022249e-10  1.53000000e+00  0.00000000e+00 
 1.54000000e+00  5.63600992e-10  1.54000000e+00  0.00000000e+00 
 1.55000000e+00  4.73950393e-10  1.55000000e+00  0.00000000e+00 
 1.56000000e+00  3.97166980e-10  1.56000000e+00  0.00000000e+00 
 1.57000000e+00  3.31585551e-10  1.57000000e+00  0.00000000e+00 
 1.58000000e+00  2.75746259e-10  1.58000000e+00  0.00000000e+00 
 1.59000000e+00  2.28366964e-10  1.59000000e+00  0.00000000e+00 
 1.60000000e+00  1.88319388e-10  1.60000000e+00  0.00000000e+00 
 1.61000000e+00  1.54609235e-10  1.61000000e+00  0.00000000e+00 
 1.62000000e+00  1.26359735e-10  1.62000000e+00  0.00000000e+00 
 1.63000000e+00  1.02797451e-10  1.63000000e+00  0.00000000e+00 
 1.64000000e+00  8.32409836e-11  1.64000000e+00  0.00000000e+00 
 1.65000000e+00  6.70911313e-11  1.65000000e+00  0.00000000e+00 
 1.66000000e+00  5.38226061e-11  1.66000000e+00  0.00000000e+00 
 1.67000000e+00  4.29769345e-11  1.67000000e+00  0.00000000e+00 
 1.68000000e+00  3.41558448e-11  1.68000000e+00  0.00000000e+00 
 1.69000000e+00  2.70154177e-11  1.69000000e+00  0.00000000e+00 
 1.70000000e+00  2.12603199e-11  1.70000000e+00  0.00000000e+00 
 1.71000000e+00  1.66383365e-11  1.71000000e+00  0.00000000e+00 
 1.72000000e+00  1.29349795e-11  1.72000000e+00  0.00000000e+00 
 1.73000000e+00  9.96808192e-12  1.73000000e+00  0.00000000e+00 
 1.74000000e+00  7.58298285e-12  1.74000000e+00  0.00000000e+00 
 1.75000000e+00  5.64907843e-12  1.75000000e+00  0.00000000e+00 
 1.76000000e+00  4.05971784e-12  1.76000000e+00  0.00000000e+00 
 1.77000000e+00  2.73647077e-12  1.77000000e+00  0.00000000e+00 
 1.78000000e+00  1.63197927e-12  1.78000000e+00  0.00000000e+00 
 1.79000000e+00  7.23789084e-13  1.79000000e+00  0.00000000e+00 
 1.80000000e+00  2.77555756e-17  1.80000000e+00  0.00000000e+00 
